
tensor([-1.0054e+00,  1.3145e-03,  0.0000e+00,  1.0044e+00, -4.0129e-03,
         0.0000e+00,  9.4849e-04,  2.6984e-03,  0.0000e+00,  3.5066e-01,
         5.3523e-01,  0.0000e+00,  3.4641e-01,  5.3970e-01,  0.0000e+00,
        -6.9706e-01, -1.0749e+00,  0.0000e+00,  3.5001e+01,  3.5001e+01,
         3.5001e+01], device='cuda:0', grad_fn=<AddBackward0>)
tensor([-9.9995e-01, -1.2170e-04,  0.0000e+00,  1.0006e+00, -2.0728e-04,
         0.0000e+00, -6.3271e-04,  3.2898e-04,  0.0000e+00,  3.4717e-01,
         5.3244e-01,  0.0000e+00,  3.4727e-01,  5.3343e-01,  0.0000e+00,
        -6.9444e-01, -1.0659e+00,  0.0000e+00,  3.5001e+01,  3.5001e+01,
         3.5001e+01], device='cuda:0', grad_fn=<AddBackward0>)
tensor([-1.0006e+00, -2.0543e-04,  0.0000e+00,  1.0027e+00, -7.7789e-04,
         0.0000e+00, -2.0252e-03,  9.8332e-04,  0.0000e+00,  3.4761e-01,
         5.3278e-01,  0.0000e+00,  3.4802e-01,  5.3538e-01,  0.0000e+00,
        -6.9563e-01, -1.0682e+00,  0.0000e+00,  3.5007e+01,  3.5007e+01,
         3.5007e+01], device='cuda:0', grad_fn=<AddBackward0>)

100, .00001:
tensor([-1.0010e+00, -4.0977e-03,  0.0000e+00,  1.0101e+00,  4.5474e-03,
         0.0000e+00, -9.0220e-03, -4.4967e-04,  0.0000e+00,  3.4763e-01,
         5.3669e-01,  0.0000e+00,  3.5548e-01,  5.3412e-01,  0.0000e+00,
        -7.0312e-01, -1.0708e+00,  0.0000e+00,  3.5070e+01,  3.5070e+01,
         3.5070e+01], device='cuda:0', grad_fn=<AddBackward0>)
5. 1e-05: 
tensor([-1.0002e+00, -1.8846e-04,  0.0000e+00,  1.0015e+00, -5.0960e-04,
         0.0000e+00, -1.3070e-03,  6.9806e-04,  0.0000e+00,  3.4735e-01,
         5.3239e-01,  0.0000e+00,  3.4753e-01,  5.3438e-01,  0.0000e+00,
        -6.9488e-01, -1.0668e+00,  0.0000e+00,  3.5000e+01,  3.5000e+01,
         3.5000e+01], device='cuda:0', grad_fn=<AddBackward0>)
100. 1e-07: 
tensor([-1.0000e+00, -5.5892e-05,  0.0000e+00,  1.0003e+00, -1.1525e-04,
         0.0000e+00, -3.1426e-04,  1.7114e-04,  0.0000e+00,  3.4715e-01,
         5.3260e-01,  0.0000e+00,  3.4719e-01,  5.3310e-01,  0.0000e+00,
        -6.9434e-01, -1.0657e+00,  0.0000e+00,  3.5000e+01,  3.5000e+01,
         3.5000e+01], device='cuda:0', grad_fn=<AddBackward0>)